{
  "signs": ["aries","taurus","gemini","cancer","leo","virgo","libra","scorpio","sagittarius","capricorn","aquarius","pisces"],
  "matrix": [
    [50,60,75,45,85,55,70,40,80,50,78,48],
    [60,50,55,70,65,80,58,75,60,85,62,68],
    [75,55,50,48,78,65,72,52,85,58,90,60],
    [45,70,48,50,55,75,60,80,50,78,58,85],
    [85,65,78,55,50,60,75,52,88,62,82,58],
    [55,80,65,75,60,50,58,78,55,90,60,72],
    [70,58,72,60,75,58,50,65,78,62,68,55],
    [40,75,52,80,52,78,65,50,55,70,60,72],
    [80,60,85,50,88,55,78,55,50,62,82,58],
    [50,85,58,78,62,90,62,70,62,50,65,60],
    [78,62,90,58,82,60,68,60,82,65,50,55],
    [48,68,60,85,58,72,55,72,58,60,55,50]
  ]
}

