{
  "animals": ["rat","ox","tiger","rabbit","dragon","snake","horse","goat","monkey","rooster","dog","pig"],
  "matrix": [
    [50,65,70,55,85,60,78,58,90,62,75,68],
    [65,50,55,70,60,80,58,75,62,85,60,68],
    [70,55,50,65,75,60,82,58,85,62,55,60],
    [55,70,65,50,58,78,60,82,60,85,62,75],
    [85,60,75,58,50,70,80,60,88,62,72,58],
    [60,80,60,78,70,50,62,85,60,75,68,58],
    [78,58,82,60,80,62,50,65,88,58,70,60],
    [58,75,58,82,60,85,65,50,60,78,58,72],
    [90,62,85,60,88,60,88,60,50,68,75,58],
    [62,85,62,85,62,75,58,78,68,50,60,70],
    [75,60,55,62,72,68,70,58,75,60,50,65],
    [68,68,60,75,58,58,60,72,58,70,65,50]
  ]
}

